  
 pp123   :
  tin =  1.500000000000E+07 din =  1.500000000000E+02 ein =  3.225251450731E+15
  tout=  1.500000000000E+07 dout=  1.500000000000E+02 eout=  4.506951024167E+18
  enuc=  1.428E-05 sum = -1.554E-15 nbad=    1 nok=   56
  
 top  7 mass fractions:
 he4  = 1.000E+00 h1   = 4.591E-06 he3  = 3.800E-15 li7  = 8.922E-20 be7  = 8.826E-21
 h2   = 2.858E-23 b8   = 4.068E-35 
  
 cpu time : 00 hrs  00 min  00 sec       0 usec


