  
 pp123   :
  tin =  1.500000000000E+07 din =  1.500000000000E+02 ein =  3.225251450731E+15
  tout=  1.500000000000E+07 dout=  1.500000000000E+02 eout=  4.502378681992E+18
  enuc=  4.499E-07 sum =  6.550E-15 nbad=   11 nok=   59
  
 top  7 mass fractions:
 he4  = 9.990E-01 h1   = 9.894E-04 he3  = 1.766E-10 be7  = 4.094E-16 li7  = 1.923E-17
 h2   = 6.151E-21 b8   = 4.066E-28 
  
 cpu time : 00 hrs  00 min  00 sec       0 usec


